Td	ID	Tj	Df	Dd	Db
1	1	1	0	0	0
1	2	1	0	0	0
1	6	1	0	0	0
4	11	4	0	0	0
4	12	4	0	0	0
4	9	4	0	0	0
5	14	4	0	1	1
5	8	4	0	1	1
5	13	4	0	1	1
5	5	1	3	1	4
6	19	6	0	0	0
6	20	6	0	0	0
6	15	6	0	0	0
6	17	6	0	0	0
7	21	6	0	1	1
9	22	9	0	0	0
9	23	9	0	0	0
9	24	9	0	0	0
9	25	9	0	0	0
9	26	9	0	0	0
9	28	9	0	0	0
10	27	9	0	1	1
12	30	12	0	0	0
12	33	12	0	0	0
12	35	12	0	0	0
12	31	12	0	0	0
14	29	12	0	2	2
14	38	13	0	1	1
14	39	13	0	1	1
15	48	15	0	0	0
15	41	13	0	2	2
15	44	15	0	0	0
15	43	15	0	0	0
15	46	15	0	0	0
16	47	15	1	0	1
16	49	15	0	1	1
16	3	1	3	12	15
16	53	16	0	0	0
17	45	15	0	2	2
17	50	16	0	1	1
17	51	16	0	1	1
17	52	16	0	1	1
18	16	6	0	12	12
18	57	18	0	0	0
18	58	18	0	0	0
19	42	13	0	6	6
19	55	16	1	2	3
19	59	18	0	1	1
19	60	18	0	1	1
19	62	18	0	1	1
20	18	6	0	14	14
20	67	19	0	1	1
20	63	18	2	0	2
21	69	19	1	1	2
21	70	19	1	1	2
21	68	19	1	1	2
22	72	22	0	0	0
22	74	22	0	0	0
22	77	22	0	0	0
23	76	22	0	1	1
25	83	25	0	0	0
25	81	25	0	0	0
25	79	25	0	0	0
28	86	28	0	0	0
28	85	28	0	0	0
29	91	28	0	1	1
29	87	28	0	1	1
29	88	28	0	1	1
31	93	31	0	0	0
31	95	31	0	0	0
31	96	31	0	0	0
31	94	31	0	0	0
32	99	32	0	0	0
32	97	31	0	1	1
33	92	31	0	2	2
33	102	32	0	1	1
33	103	32	0	1	1
33	105	32	0	1	1
33	75	22	0	11	11
34	90	28	0	6	6
34	54	16	0	18	18
36	106	36	0	0	0
36	107	36	0	0	0
36	108	36	0	0	0
36	112	36	0	0	0
36	110	36	0	0	0
36	109	36	0	0	0
45	114	45	0	0	0
45	115	45	0	0	0
46	119	45	0	1	1
46	116	45	0	1	1
46	124	46	0	0	0
47	121	46	0	1	1
47	122	46	0	1	1
47	125	46	0	1	1
47	126	46	0	1	1
47	118	45	0	2	2
50	131	50	0	0	0
50	129	50	0	0	0
50	133	50	0	0	0
57	139	57	0	0	0
57	137	57	0	0	0
58	134	57	0	1	1
58	65	19	0	39	39
58	101	32	0	26	26
58	135	57	0	1	1
58	138	57	0	1	1
58	140	57	0	1	1
60	142	60	0	0	0
60	143	60	0	0	0
60	146	60	0	0	0
61	147	60	0	1	1
61	3000	61	0	0	0
61	141	60	0	1	1
61	144	60	0	1	1
61	145	60	0	1	1
62	3003	61	0	62	1
62	3004	61	0	62	1
62	3005	61	0	62	1
62	3006	61	0	62	1
62	3001	61	0	1	1
62	3002	61	0	62	1
66	150	66	0	0	0
66	151	66	0	0	0
67	154	66	0	1	1
69	157	69	0	0	0
69	155	69	0	0	0
70	160	69	0	1	1
70	156	69	0	1	1
70	167	70	0	0	0
71	170	71	0	0	0
71	162	70	0	1	1
71	168	70	0	1	1
71	165	70	0	1	1
72	166	70	0	2	2
72	169	71	0	1	1
72	171	71	0	1	1
72	172	71	0	1	1
72	173	71	0	1	1
72	174	71	0	1	1
73	164	70	0	3	3
73	159	69	0	4	4
73	152	66	0	7	7
73	130	50	0	23	23
74	175	71	0	3	3
76	180	76	0	0	0
76	179	76	0	0	0
76	181	76	0	0	0
76	182	76	0	0	0
77	176	76	1	0	1
77	104	32	0	45	45
77	120	46	0	31	31
77	123	46	0	31	31
77	128	50	0	27	27
77	177	76	0	1	1
78	100	32	0	46	46
78	178	76	0	2	2
78	98	31	0	47	47
79	113	45	0	34	34
85	183	85	0	0	0
85	184	85	0	0	0
85	185	85	0	0	0
85	188	85	0	0	0
86	187	85	0	1	1
86	186	85	0	1	1
87	193	87	0	0	0
87	194	87	0	0	0
87	195	87	0	0	0
87	192	87	0	0	0
88	196	87	0	1	1
89	200	89	0	0	0
89	198	89	0	0	0
90	199	89	0	1	1
90	201	89	0	1	1
90	210	90	0	0	0
91	205	90	0	1	1
91	206	90	0	1	1
91	207	90	0	1	1
91	204	90	0	1	1
92	211	92	0	0	0
92	214	92	0	0	0
93	217	92	0	1	1
93	212	92	0	1	1
93	203	89	0	4	4
93	209	90	0	3	3
93	189	85	0	8	8
93	34	12	0	81	81
93	219	93	0	0	0
93	221	93	0	0	0
94	224	93	0	1	1
94	215	92	0	2	2
95	227	95	0	0	0
95	230	95	0	0	0
95	231	95	0	0	0
95	226	95	0	0	0
95	228	95	0	0	0
96	213	92	0	4	4
96	220	93	0	3	3
96	7	1	0	95	95
96	229	95	0	1	1
98	232	98	0	0	0
98	235	98	0	0	0
98	236	98	0	0	0
98	234	98	0	0	0
99	241	99	0	0	0
99	233	98	0	1	1
99	32	12	0	87	87
99	4	1	0	98	98
99	10	4	0	95	95
99	237	98	0	1	1
99	242	99	0	0	0
99	243	99	0	0	0
99	239	99	0	0	0
100	245	99	0	1	1
100	248	100	0	0	0
101	253	101	0	0	0
101	238	98	0	3	3
101	240	99	0	2	2
101	222	93	0	8	8
101	61	18	0	83	83
101	132	50	0	51	51
101	127	50	0	51	51
101	259	101	0	0	0
102	262	102	0	0	0
102	252	100	1	1	2
102	264	102	0	0	0
103	267	103	0	0	0
103	254	101	1	1	2
103	272	103	0	0	0
103	270	103	0	0	0
104	278	104	0	0	0
104	260	102	0	2	2
104	280	104	0	0	0
105	263	102	1	2	3
105	265	102	1	2	3
105	266	102	1	2	3
105	247	100	0	5	5
106	255	101	1	4	5
106	256	101	1	4	5
107	271	103	1	3	4
107	273	103	1	3	4
107	261	102	2	3	5
107	249	100	0	7	7
107	163	70	0	37	37
107	89	28	0	79	79
107	190	87	0	20	20
107	281	107	0	0	0
107	284	107	0	0	0
107	285	107	0	0	0
108	64	19	0	89	89
108	277	104	2	2	4
108	71	22	0	86	86
108	66	19	0	89	89
108	148	66	0	42	42
108	250	100	2	6	8
109	269	103	1	5	6
109	246	100	0	9	9
109	158	69	0	40	40
109	286	107	2	0	2
109	287	107	2	0	2
110	283	107	2	1	3
111	288	111	0	0	0
111	289	111	0	0	0
111	290	111	0	0	0
111	294	111	0	0	0
112	292	111	0	1	1
112	291	111	0	1	1
112	296	112	0	0	0
112	293	111	0	1	1
113	299	112	0	1	1
113	300	112	0	1	1
113	307	113	0	0	0
114	297	112	0	2	2
114	302	113	0	1	1
114	303	113	0	1	1
114	304	113	0	1	1
114	306	113	0	1	1
115	309	114	0	1	1
115	310	114	0	1	1
115	311	114	0	1	1
115	314	114	0	1	1
115	313	114	0	1	1
116	312	114	0	2	2
119	317	119	0	0	0
120	320	119	0	1	1
120	321	119	0	1	1
120	322	119	0	1	1
120	316	119	0	1	1
120	319	119	0	1	1
125	329	125	0	0	0
125	324	125	0	0	0
125	325	125	0	0	0
126	327	125	0	1	1
126	323	125	0	1	1
126	295	112	0	14	14
126	301	112	0	14	14
126	274	104	2	20	22
126	282	107	1	18	19
126	335	126	0	0	0
127	332	126	0	1	1
127	333	126	0	1	1
127	336	126	1	0	1
127	326	125	0	2	2
127	330	126	0	1	1
127	331	126	0	1	1
132	343	132	0	0	0
132	342	132	0	0	0
132	337	132	0	0	0
133	340	132	0	1	1
133	339	132	0	1	1
136	350	136	0	0	0
137	355	137	0	0	0
137	348	136	0	1	1
137	344	136	0	1	1
137	353	137	0	0	0
137	354	137	0	0	0
138	345	136	0	2	2
138	347	136	0	2	2
138	349	136	0	2	2
138	334	126	1	11	12
139	341	132	0	7	7
139	356	137	1	1	2
139	357	137	1	1	2
139	315	114	0	25	25
139	258	101	1	37	38
139	308	113	2	24	26
139	351	137	2	0	2
140	358	140	0	0	0
140	362	140	0	0	0
141	370	141	0	0	0
141	359	140	0	1	1
141	361	140	0	1	1
141	363	140	0	1	1
141	371	141	0	0	0
141	364	140	0	1	1
141	368	141	0	0	0
142	378	142	0	0	0
142	366	141	0	1	1
143	367	141	2	0	2
143	373	142	0	1	1
143	374	142	0	1	1
145	391	145	0	0	0
145	375	142	0	3	3
145	385	144	1	0	1
145	376	142	0	3	3
145	352	137	1	7	8
145	382	144	0	1	1
145	383	144	0	1	1
145	386	145	0	0	0
145	388	145	0	0	0
146	396	146	0	0	0
146	377	142	0	4	4
146	111	36	0	110	110
146	149	66	0	80	80
146	393	146	0	0	0
148	369	141	0	7	7
148	387	145	1	2	3
148	389	145	1	2	3
148	390	145	1	2	3
148	318	119	0	29	29
148	401	148	0	0	0
148	403	148	0	0	0
149	379	144	1	4	5
149	380	144	1	4	5
149	365	141	0	8	8
150	406	148	2	0	2
150	381	144	1	5	6
150	197	89	0	61	61
150	153	66	0	84	84
150	360	140	0	10	10
150	328	125	0	25	25
150	208	90	0	60	60
151	400	148	2	1	3
151	402	148	2	1	3
151	405	148	2	1	3
151	384	144	1	6	7
156	411	156	0	0	0
156	408	156	0	0	0
157	407	156	0	1	1
157	409	156	0	1	1
157	410	156	0	1	1
157	412	156	0	1	1
158	420	158	0	0	0
158	415	158	0	0	0
158	418	158	0	0	0
158	416	158	0	0	0
159	414	158	0	1	1
159	419	158	0	1	1
159	425	159	0	0	0
160	421	159	0	1	1
160	422	159	0	1	1
160	423	159	0	1	1
160	424	159	0	1	1
161	430	161	0	0	0
161	427	159	0	2	2
161	429	161	0	0	0
161	426	159	0	2	2
161	417	158	0	3	3
161	395	146	1	14	15
161	413	156	0	5	5
161	394	146	1	14	15
161	431	161	0	0	0
161	432	161	0	0	0
161	428	161	0	0	0
162	434	161	0	1	1
162	433	161	0	1	1
170	436	170	0	0	0
170	437	170	0	0	0
170	438	170	0	0	0
170	440	170	0	0	0
171	441	170	0	1	1
171	439	170	0	1	1
172	444	172	0	0	0
173	448	172	0	1	1
173	446	172	0	1	1
173	442	172	0	1	1
173	452	173	0	0	0
173	454	173	0	0	0
173	451	173	0	0	0
174	455	173	0	1	1
174	453	173	0	1	1
174	456	174	0	0	0
174	458	174	0	0	0
174	459	174	0	0	0
174	462	174	0	0	0
175	460	174	0	1	1
175	461	174	0	1	1
175	449	173	0	2	2
175	457	174	0	1	1
175	463	175	0	0	0
175	468	175	0	0	0
175	466	175	0	0	0
175	469	175	0	0	0
176	467	175	0	1	1
176	464	175	0	1	1
177	471	177	0	0	0
177	472	177	0	0	0
177	474	177	0	0	0
178	476	177	0	1	1
178	477	178	0	0	0
178	480	178	0	0	0
178	475	177	0	1	1
178	482	178	0	0	0
178	479	178	0	0	0
179	483	178	0	1	1
183	487	183	0	0	0
183	485	183	0	0	0
184	493	184	0	0	0
184	488	183	0	1	1
184	489	183	0	1	1
184	490	183	0	1	1
185	497	184	0	1	1
185	484	183	0	2	2
185	445	172	0	13	13
185	494	184	0	1	1
185	495	184	0	1	1
188	499	188	0	0	0
188	502	188	0	0	0
188	503	188	0	0	0
189	509	189	0	0	0
189	504	188	0	1	1
189	507	189	0	0	0
189	508	189	0	0	0
189	501	188	0	1	1
190	518	190	0	0	0
190	511	189	0	1	1
190	514	190	0	0	0
190	506	189	0	1	1
191	512	190	1	0	1
191	478	178	0	13	13
191	492	184	0	7	7
191	435	170	0	21	21
191	465	175	0	16	16
192	516	190	0	2	2
192	517	190	0	2	2
192	481	178	0	14	14
192	500	188	0	4	4
193	447	172	0	21	21
193	524	192	1	0	1
193	522	192	0	1	1
193	525	192	0	1	1
194	520	192	0	2	2
194	523	192	1	1	2
194	526	194	0	0	0
194	532	194	0	0	0
195	528	194	0	1	1
195	529	194	0	1	1
195	530	194	0	1	1
195	527	194	0	1	1
195	539	195	0	0	0
196	546	196	0	0	0
196	536	195	0	1	1
196	537	195	0	1	1
196	531	194	0	2	2
196	533	195	0	1	1
196	540	196	0	0	0
197	549	197	0	0	0
197	543	196	0	1	1
197	553	197	0	0	0
198	545	196	2	0	2
198	547	197	0	1	1
198	548	197	0	1	1
198	551	197	0	1	1
198	538	195	0	3	3
198	519	192	0	6	6
198	515	190	0	8	8
198	541	196	0	2	2
199	556	199	0	0	0
200	550	197	0	3	3
200	554	199	0	1	1
200	555	199	0	1	1
200	559	199	0	1	1
200	560	199	0	1	1
200	498	188	0	12	12
201	557	199	0	2	2
201	534	195	0	6	6
201	521	192	0	9	9
201	561	201	0	0	0
202	567	201	0	1	1
202	565	201	0	1	1
202	564	201	0	1	1
202	562	201	0	1	1
203	571	202	0	1	1
203	574	202	0	1	1
203	568	202	0	1	1
204	575	204	0	0	0
204	577	204	0	0	0
204	579	204	0	0	0
204	581	204	0	0	0
205	578	204	0	1	1
205	576	204	0	1	1
205	580	204	0	1	1
206	584	206	0	0	0
206	585	206	0	0	0
206	586	206	0	0	0
209	593	209	0	0	0
209	589	209	0	0	0
209	594	209	0	0	0
209	591	209	0	0	0
210	595	209	0	1	1
210	599	210	0	0	0
210	600	210	0	0	0
210	592	209	0	1	1
210	590	209	0	1	1
210	596	210	0	0	0
210	597	210	0	0	0
211	602	210	0	1	1
212	603	212	0	0	0
212	604	212	0	0	0
212	609	212	0	0	0
212	607	212	0	0	0
212	606	212	0	0	0
213	605	212	0	1	1
214	613	214	0	0	0
214	610	214	0	0	0
214	615	214	0	0	0
214	616	214	0	0	0
214	611	214	0	0	0
215	617	215	0	0	0
215	622	215	0	0	0
216	630	216	0	0	0
216	623	215	0	1	1
216	619	215	0	1	1
216	620	215	0	1	1
217	625	216	0	1	1
217	628	216	0	1	1
217	629	216	0	1	1
218	558	199	0	19	19
218	612	214	0	4	4
218	566	201	0	17	17
218	626	216	0	2	2
219	637	219	0	0	0
219	632	219	0	0	0
219	635	219	0	0	0
219	633	219	0	0	0
222	640	222	0	0	0
222	643	222	0	0	0
223	644	222	0	1	1
223	642	222	0	1	1
223	638	222	0	1	1
223	641	222	0	1	1
223	650	223	0	0	0
224	649	223	0	1	1
224	651	223	0	1	1
224	646	223	0	1	1
228	653	228	0	0	0
228	655	228	0	0	0
228	657	228	0	0	0
229	656	228	0	1	1
233	665	233	0	0	0
233	661	233	0	0	0
233	662	233	0	0	0
233	660	233	0	0	0
234	659	233	0	1	1
234	627	216	0	18	18
234	634	219	0	15	15
237	667	237	0	0	0
237	666	237	0	0	0
237	668	237	0	0	0
237	669	237	0	0	0
237	671	237	0	0	0
237	670	237	0	0	0
238	678	238	0	0	0
239	674	238	0	1	1
239	675	238	0	1	1
239	677	238	0	1	1
239	673	238	0	1	1
241	680	241	0	0	0
241	681	241	0	0	0
242	686	241	0	1	1
242	682	241	0	1	1
243	689	243	0	0	0
244	690	243	0	1	1
244	692	243	0	1	1
244	691	243	0	1	1
245	601	210	0	35	35
246	695	246	0	0	0
246	696	246	0	0	0
246	697	246	0	0	0
246	700	246	0	0	0
247	694	246	0	1	1
247	699	246	0	1	1
247	701	247	0	0	0
247	702	247	0	0	0
247	706	247	0	0	0
248	705	247	0	1	1
250	712	250	0	0	0
250	710	250	0	0	0
251	708	250	1	0	1
251	714	250	0	1	1
251	693	243	0	8	8
251	707	247	0	4	4
251	663	233	0	18	18
251	679	238	0	13	13
252	722	252	0	0	0
252	711	250	0	2	2
253	2001	1	0	252	252
253	713	250	0	3	3
253	687	243	0	10	10
253	715	251	0	2	2
254	718	251	1	2	3
254	719	251	1	2	3
254	720	251	1	2	3
254	721	251	1	2	3
254	703	247	0	7	7
254	672	237	0	17	17
255	583	206	0	49	49
255	724	252	1	2	3
255	725	252	1	2	3
255	727	252	1	2	3
255	728	252	1	2	3
255	618	215	0	40	40
255	676	238	0	17	17
255	645	223	0	32	32
255	729	255	0	0	0
255	731	255	0	0	0
256	730	255	0	1	1
256	733	255	1	0	1
256	735	255	1	0	1
257	732	255	1	1	2
257	734	255	1	1	2
257	573	202	0	55	55
258	738	258	0	0	0
258	739	258	0	0	0
259	736	258	0	1	1
259	740	258	0	1	1
259	741	258	0	1	1
259	742	258	0	1	1
259	737	258	0	1	1
264	747	264	0	0	0
264	748	264	0	0	0
264	743	264	0	0	0
264	746	264	0	0	0
265	756	265	0	0	0
265	745	264	0	1	1
265	749	264	0	1	1
266	750	265	0	1	1
266	752	265	0	1	1
266	753	265	0	1	1
266	754	265	0	1	1
266	744	264	0	2	2
266	751	265	0	1	1
266	755	265	0	1	1
268	763	268	0	0	0
269	760	268	1	0	1
269	758	268	0	1	1
269	716	251	4	14	18
269	648	223	0	46	46
269	762	268	0	1	1
269	759	268	0	1	1
271	776	271	0	0	0
271	598	210	0	61	61
271	608	212	0	59	59
271	652	228	0	43	43
271	764	270	0	1	1
271	765	270	0	1	1
271	771	271	0	0	0
272	779	272	0	0	0
272	782	272	0	0	0
273	770	270	1	2	3
273	683	241	0	32	32
273	766	270	0	3	3
273	767	270	0	3	3
273	772	271	1	1	2
274	768	270	2	2	4
274	717	251	1	22	23
274	570	202	0	72	72
274	761	268	0	6	6
274	636	219	0	55	55
274	769	270	1	3	4
274	778	272	1	1	2
275	784	272	1	2	3
275	773	271	1	3	4
275	783	272	1	2	3
280	786	279	0	1	1
280	787	279	0	1	1
280	788	279	0	1	1
280	789	279	0	1	1
280	785	279	0	1	1
280	798	280	0	0	0
281	792	280	0	1	1
281	796	280	0	1	1
281	797	280	0	1	1
281	790	279	0	2	2
282	795	280	0	2	2
283	802	283	0	0	0
283	801	283	0	0	0
284	803	283	0	1	1
284	805	283	0	1	1
284	799	283	0	1	1
284	800	283	0	1	1
285	774	271	1	13	14
298	810	298	0	0	0
299	807	298	0	1	1
299	808	298	0	1	1
299	804	283	0	16	16
299	781	272	1	26	27
300	614	214	0	86	86
300	813	300	0	0	0
300	815	300	0	0	0
300	817	300	0	0	0
300	819	300	0	0	0
301	822	301	0	0	0
301	816	300	0	1	1
302	821	301	0	1	1
302	825	301	0	1	1
302	820	301	0	1	1
302	806	298	0	4	4
302	818	300	0	2	2
303	827	303	0	0	0
303	631	219	0	84	84
303	823	301	0	2	2
303	824	301	0	2	2
303	811	298	0	5	5
303	812	298	0	5	5
303	833	303	0	0	0
303	831	303	0	0	0
303	830	303	0	0	0
304	829	303	0	1	1
304	491	184	0	120	120
304	828	303	0	1	1
304	832	303	0	1	1
305	839	305	0	0	0
305	834	305	0	0	0
306	835	305	0	1	1
306	838	305	0	1	1
308	843	308	0	0	0
308	842	308	0	0	0
308	844	308	0	0	0
308	845	308	0	0	0
308	846	308	0	0	0
309	836	305	0	4	4
310	851	310	0	0	0
311	860	311	0	0	0
311	848	310	0	1	1
311	853	310	0	1	1
311	856	311	0	0	0
311	857	311	0	0	0
311	861	311	0	0	0
312	852	310	0	2	2
312	855	311	0	1	1
312	858	311	0	1	1
312	859	311	0	1	1
313	849	310	0	3	3
317	865	317	0	0	0
317	867	317	0	0	0
317	868	317	0	0	0
317	862	317	0	0	0
317	866	317	0	0	0
318	863	317	0	1	1
319	874	318	0	1	1
319	875	318	0	1	1
319	871	318	0	1	1
319	872	318	0	1	1
320	878	320	0	0	0
320	880	320	0	0	0
321	876	320	0	1	1
321	883	321	0	0	0
321	888	321	0	0	0
321	886	321	0	0	0
321	889	321	0	0	0
323	894	323	0	0	0
323	896	323	0	0	0
324	891	323	0	1	1
324	893	323	0	1	1
324	890	323	0	1	1
326	900	326	0	0	0
326	898	326	0	0	0
326	901	326	0	0	0
327	899	326	1	0	1
328	897	326	0	2	2
328	905	327	0	1	1
328	909	327	0	1	1
328	916	328	0	0	0
329	902	326	0	3	3
329	904	327	0	2	2
329	906	327	0	2	2
329	911	328	1	0	1
329	913	328	1	0	1
329	914	328	1	0	1
329	915	328	1	0	1
329	917	328	1	0	1
330	910	327	1	2	3
330	895	323	0	7	7
330	882	320	0	10	10
330	869	318	0	12	12
330	654	228	0	102	102
330	850	310	0	20	20
330	723	252	1	77	78
331	854	310	0	21	21
333	919	333	0	0	0
333	920	333	0	0	0
334	927	334	0	0	0
334	923	333	0	1	1
334	921	333	0	1	1
335	934	335	0	0	0
335	925	334	0	1	1
335	930	334	0	1	1
335	931	334	0	1	1
336	907	327	0	9	9
336	926	334	0	2	2
336	932	335	0	1	1
336	933	335	0	1	1
336	936	335	0	1	1
336	937	335	0	1	1
336	935	335	0	1	1
337	881	320	0	17	17
337	928	334	0	3	3
337	840	305	0	32	32
338	939	338	0	0	0
338	942	338	0	0	0
338	938	335	2	1	3
338	944	338	0	0	0
338	943	338	0	0	0
339	941	338	0	1	1
339	929	334	0	5	5
339	912	328	1	10	11
339	945	338	0	1	1
340	892	323	0	17	17
343	947	343	0	0	0
343	940	338	0	5	5
343	918	333	0	10	10
343	544	196	0	147	147
343	950	343	0	0	0
343	952	343	0	0	0
343	948	343	0	0	0
343	949	343	0	0	0
344	958	344	0	0	0
344	951	343	0	1	1
344	957	344	0	0	0
344	959	344	0	0	0
345	956	344	0	1	1
345	946	343	0	2	2
350	960	350	0	0	0
350	963	350	0	0	0
350	964	350	0	0	0
350	961	350	0	0	0
351	962	350	0	1	1
351	966	350	0	1	1
352	965	350	0	2	2
354	967	353	0	1	1
354	971	353	0	1	1
361	977	361	0	0	0
361	976	361	0	0	0
361	980	361	0	0	0
362	975	361	0	1	1
362	978	361	0	1	1
362	979	361	0	1	1
363	982	363	0	0	0
363	985	363	0	0	0
363	987	363	0	0	0
363	983	363	0	0	0
363	986	363	0	0	0
364	984	363	0	1	1
364	989	364	0	0	0
365	990	364	0	1	1
365	996	365	0	0	0
366	994	364	0	2	2
366	997	365	0	1	1
366	998	365	0	1	1
366	1000	365	0	1	1
366	993	364	0	2	2
367	999	365	0	2	2
367	1001	365	0	2	2
367	995	365	0	2	2
368	1003	368	0	0	0
368	1006	368	0	0	0
368	1007	368	0	0	0
368	1008	368	0	0	0
369	1004	368	0	1	1
371	1010	371	0	0	0
371	1012	371	0	0	0
371	1009	371	0	0	0
372	1015	371	0	1	1
372	1013	371	0	1	1
372	1021	372	0	0	0
372	1018	372	0	0	0
373	1019	372	0	1	1
373	1022	372	0	1	1
373	1014	371	0	2	2
373	1020	372	0	1	1
374	1024	374	0	0	0
374	1025	374	0	0	0
375	1028	374	0	1	1
375	1029	374	0	1	1
375	1023	374	0	1	1
375	1027	374	0	1	1
378	1032	378	0	0	0
378	1030	378	0	0	0
378	1031	378	0	0	0
378	1033	378	0	0	0
378	1034	378	0	0	0
379	974	361	0	18	18
379	1026	374	0	5	5
379	973	353	0	26	26
379	1035	378	0	1	1
380	2036	13	1	366	367
380	1040	380	0	0	0
380	1041	380	0	0	0
380	1043	380	0	0	0
381	1038	380	0	1	1
381	1039	380	0	1	1
381	1042	380	0	1	1
382	1049	382	0	0	0
382	1046	382	0	0	0
382	1044	382	0	0	0
383	1056	383	0	0	0
383	1048	382	0	1	1
383	1045	382	0	1	1
383	1047	382	0	1	1
383	1052	383	0	0	0
383	1055	383	0	0	0
383	1050	382	0	1	1
384	1051	383	0	1	1
384	1053	383	0	1	1
384	1036	378	0	6	6
384	1037	380	0	4	4
384	992	364	0	20	20
384	572	202	0	182	182
385	588	206	0	179	179
386	1060	386	0	0	0
386	1061	386	0	0	0
386	1063	386	0	0	0
387	1064	386	0	1	1
387	1058	386	0	1	1
387	1070	387	0	0	0
387	1067	387	0	0	0
388	1062	386	0	2	2
388	1065	387	0	1	1
388	1068	387	0	1	1
388	1069	387	0	1	1
389	1066	387	0	2	2
391	1075	391	0	0	0
391	1077	391	0	0	0
391	1076	391	0	0	0
391	1078	391	0	0	0
392	1072	391	0	1	1
393	1083	393	0	0	0
393	1085	393	0	0	0
393	1079	393	0	0	0
394	1084	393	0	1	1
394	1080	393	0	1	1
395	1089	395	0	0	0
395	1088	395	0	0	0
395	1090	395	0	0	0
396	1086	395	0	1	1
396	1092	395	0	1	1
396	1093	396	0	0	0
396	1095	396	0	0	0
396	1098	396	0	0	0
396	1097	396	0	0	0
397	1096	396	0	1	1
397	1099	396	0	1	1
397	1101	397	0	0	0
397	1105	397	0	0	0
398	1103	397	0	1	1
398	1104	397	0	1	1
398	1106	397	0	1	1
398	1100	397	0	1	1
398	1102	397	0	1	1
399	1113	399	0	0	0
399	1109	399	0	0	0
400	1112	399	0	1	1
401	1108	399	0	2	2
401	1110	399	0	2	2
401	1094	396	0	5	5
401	1059	386	0	15	15
401	1127	401	0	0	0
401	1126	401	0	0	0
401	1121	401	0	0	0
402	1120	400	1	1	2
402	1123	401	0	1	1
402	1118	400	2	0	2
403	1124	401	1	1	2
403	1125	401	1	1	2
403	1087	395	0	8	8
404	1129	404	0	0	0
404	1131	404	0	0	0
405	1133	404	0	1	1
405	1135	405	0	0	0
405	1136	405	0	0	0
405	1139	405	0	0	0
405	1138	405	0	0	0
405	1137	405	0	0	0
406	1141	405	0	1	1
409	1146	409	0	0	0
410	1142	409	0	1	1
410	1147	409	0	1	1
412	1155	412	0	0	0
412	1151	412	0	0	0
413	1150	412	0	1	1
413	1111	399	0	14	14
413	1114	400	0	13	13
413	1154	412	0	1	1
414	1140	405	0	9	9
414	1149	412	0	2	2
414	1132	404	0	10	10
415	1156	415	0	0	0
415	1162	415	0	0	0
415	1158	415	0	0	0
416	1159	415	0	1	1
416	1161	415	0	1	1
419	1163	419	0	0	0
420	1164	419	0	1	1
420	1165	419	0	1	1
420	1166	419	0	1	1
421	1168	419	0	2	2
422	1172	422	0	0	0
423	1170	422	0	1	1
423	1171	422	0	1	1
423	1173	422	0	1	1
423	1174	422	0	1	1
423	1175	422	0	1	1
425	1178	425	0	0	0
425	1180	425	0	0	0
426	1177	425	0	1	1
426	1185	426	0	0	0
427	1194	427	0	0	0
427	1187	426	0	1	1
427	1189	426	0	1	1
427	1190	426	0	1	1
427	1193	427	0	0	0
427	1186	426	0	1	1
427	1191	427	0	0	0
427	1192	427	0	0	0
428	1196	427	0	1	1
428	1197	427	0	1	1
428	1153	412	0	16	16
429	1167	419	0	10	10
429	1198	429	0	0	0
429	1203	429	0	0	0
429	1199	429	0	0	0
429	1202	429	0	0	0
429	1200	429	0	0	0
429	1201	429	0	0	0
430	1209	430	0	0	0
430	1204	429	0	1	1
430	1208	430	0	0	0
431	1210	430	0	1	1
431	1184	426	0	5	5
431	587	206	0	225	225
431	1017	372	0	59	59
431	1205	430	0	1	1
431	1206	430	0	1	1
434	1213	434	0	0	0
434	1214	434	0	0	0
435	1217	434	0	1	1
435	1212	434	0	1	1
435	1219	435	0	0	0
436	1222	435	0	1	1
436	1223	435	0	1	1
436	1224	435	0	1	1
436	1225	435	0	1	1
436	1221	435	0	1	1
436	1227	436	0	0	0
437	1231	436	0	1	1
437	1226	436	0	1	1
437	1230	436	0	1	1
438	1220	435	0	3	3
438	1232	436	0	2	2
439	1239	439	0	0	0
439	1236	439	0	0	0
439	1238	439	0	0	0
440	1243	440	0	0	0
440	1237	439	0	1	1
440	1235	439	0	1	1
440	1233	439	0	1	1
440	1240	440	0	0	0
440	1244	440	0	0	0
441	1252	441	0	0	0
441	1242	440	0	1	1
441	1228	436	0	5	5
441	1251	441	0	0	0
441	1248	441	0	0	0
442	1259	442	0	0	0
442	1253	441	1	0	1
442	1255	442	0	0	0
443	1241	440	3	0	3
443	1144	409	0	34	34
443	1216	434	0	9	9
443	1247	441	0	2	2
443	1256	442	1	0	1
443	1257	442	0	1	1
443	1261	443	0	0	0
445	1270	445	0	0	0
445	1218	434	0	11	11
445	1254	442	1	2	3
445	1258	442	1	2	3
445	1260	442	1	2	3
445	1071	387	0	58	58
446	1169	419	0	27	27
446	1215	434	0	12	12
446	1229	436	0	10	10
446	1117	400	0	46	46
446	1182	425	0	21	21
446	1262	443	1	2	3
446	1263	443	1	2	3
446	1264	443	1	2	3
446	1266	443	1	2	3
448	2029	12	1	435	436
448	1269	445	2	1	3
448	1273	445	2	1	3
448	1274	445	2	1	3
449	1130	404	0	45	45
449	1195	427	0	22	22
449	988	364	0	85	85
449	1271	445	2	2	4
449	1278	449	0	0	0
450	1288	450	0	0	0
451	1011	371	0	80	80
452	1280	449	1	2	3
452	1281	449	1	2	3
452	1267	443	4	5	9
452	968	353	0	99	99
452	1282	450	1	1	2
452	1283	450	1	1	2
452	1285	450	1	1	2
452	1286	450	1	1	2
452	1275	449	2	1	3
453	1277	449	1	3	4
453	1279	449	1	3	4
453	1276	449	1	3	4
454	1291	454	0	0	0
455	1289	454	0	1	1
455	1295	454	0	1	1
455	1292	454	0	1	1
456	2062	18	2	436	438
456	1301	456	0	0	0
456	1298	456	0	0	0
457	1296	456	0	1	1
457	1302	456	0	1	1
457	1300	456	0	1	1
458	1307	458	0	0	0
458	1309	458	0	0	0
458	1305	458	0	0	0
458	1303	458	0	0	0
459	1308	458	0	1	1
459	1306	458	0	1	1
460	1314	460	0	0	0
460	1311	460	0	0	0
461	1315	460	0	1	1
461	1316	460	0	1	1
461	1310	460	0	1	1
461	1265	443	1	17	18
461	1152	412	0	49	49
461	970	353	0	108	108
461	1160	415	0	46	46
461	1322	461	0	0	0
462	1317	461	0	1	1
462	1318	461	0	1	1
462	1319	461	0	1	1
462	1320	461	0	1	1
463	1325	463	0	0	0
463	1327	463	0	0	0
463	1329	463	0	0	0
464	1323	461	1	2	3
464	1304	458	0	6	6
464	1272	445	2	17	19
464	1313	460	0	4	4
464	1299	456	0	8	8
466	1337	466	0	0	0
466	1331	466	0	0	0
466	1333	466	0	0	0
467	1336	466	1	0	1
467	1321	461	1	5	6
468	1335	466	2	0	2
468	1250	441	1	26	27
468	1332	466	0	2	2
468	1284	450	1	17	18
468	1328	463	0	5	5
468	1249	441	2	25	27
469	1343	469	0	0	0
469	1342	469	0	0	0
469	1344	469	0	0	0
469	1211	430	0	39	39
469	1338	469	0	0	0
469	1341	469	0	0	0
470	1340	469	1	0	1
470	1287	450	1	19	20
471	1334	466	5	0	5
472	1207	430	0	42	42
472	1107	399	0	73	73
472	777	271	1	200	201
472	1339	469	0	3	3
472	1122	401	0	71	71
472	791	279	0	193	193
472	1234	439	0	33	33
472	1324	463	0	9	9
472	510	189	0	283	283
472	1349	472	0	0	0
473	1351	472	1	0	1
473	903	326	0	147	147
473	1348	472	0	1	1
474	1353	474	0	0	0
474	1347	472	1	1	2
474	1355	474	0	0	0
474	1354	474	0	0	0
474	1358	474	0	0	0
475	1148	409	0	66	66
475	793	280	0	195	195
475	841	308	0	167	167
475	1345	472	0	3	3
475	1352	474	0	1	1
477	1361	477	0	0	0
477	1360	477	0	0	0
477	1362	477	0	0	0
478	1359	477	0	1	1
478	1367	478	0	0	0
478	1370	478	0	0	0
479	1366	478	0	1	1
479	1368	478	0	1	1
479	1363	477	0	2	2
481	1374	481	0	0	0
481	1375	481	0	0	0
482	1383	482	0	0	0
482	1385	482	0	0	0
483	1386	482	0	1	1
483	1379	481	0	2	2
483	1381	482	0	1	1
483	1382	482	0	1	1
483	1380	482	0	1	1
484	1384	482	0	2	2
485	1392	485	0	0	0
486	1387	485	0	1	1
486	1388	485	0	1	1
486	1389	485	0	1	1
486	1391	485	0	1	1
487	1394	487	0	0	0
487	1397	487	0	0	0
488	1373	481	0	7	7
488	1390	485	0	3	3
488	1377	481	0	7	7
488	1398	487	0	1	1
488	1400	487	0	1	1
488	1371	478	0	10	10
488	1395	487	0	1	1
489	1407	489	0	0	0
490	1404	489	0	1	1
490	1414	490	0	0	0
491	1403	489	0	2	2
491	1409	490	0	1	1
491	1410	490	0	1	1
491	1412	490	0	1	1
491	1417	491	0	0	0
492	1401	489	0	3	3
492	1402	489	0	3	3
492	1405	489	0	3	3
492	1406	489	0	3	3
493	1413	490	0	3	3
493	1415	491	1	1	2
493	1416	491	1	1	2
494	1421	491	1	2	3
494	1411	490	0	4	4
494	1422	492	1	1	2
494	1424	492	1	1	2
495	1423	492	1	2	3
495	1418	491	1	3	4
496	1433	495	0	1	1
496	1434	495	0	1	1
496	1429	495	0	1	1
496	1430	495	0	1	1
497	1441	497	0	0	0
497	1440	497	0	0	0
497	1442	497	0	0	0
497	1436	497	0	0	0
497	1439	497	0	0	0
498	1437	497	0	1	1
499	1446	499	0	0	0
499	1448	499	0	0	0
500	1449	499	0	1	1
500	1443	499	0	1	1
500	1445	499	0	1	1
Battle Result	Draw

For Earth Army: 
Total number of each unit	1013 ES	223 ET	135 EG	78 EH	
Percentage of  destructed units relative to their total	ES	ET	EG	EH
                                                       	91.8065	70.852	100	100
Percentage of total destructed unit relative to total units	89.7861
The Percentage Of Units Healed Successfully Relative to Total Earth Units Created	20.911
Average of Df	Average of Dd	Average of Db
       0.14143       	6.27594	       6.41737
Df/Db %	Dd/Db %
0.0220386	0.977961


For Alien Army: 
Total number of each unit 	134 AS	617 AM	698 AD	
Percentage of  destructed units relative to their total	AS	AM	AD
                                                       	2.98507	0	0
Percentage of total destructed unit relative to total units	0.276052
Average of Df	Average of Dd	Average of Db
       1       	372.25	       373.25
Df/Db %	Dd/Db %
0.00267917	0.997321
For Saver Army: 
Total number of Saver unit 	8
Percentage of total destructed unit relative to total units	87.5
Average of Df	Average of Dd	Average of Db
       0       	44.4286	       0.857143
Df/Db %	Dd/Db %
0	51.8333
For Infected Soldier: 
Total number of infected Soldiers: 	6
Percantage of infected Soldiers: 	 0.5923